99 0.24140625 0.240625 0.10703125 0.22109375
99 0.42109375 0.24609375 0.08828125 0.1671875
99 0.5515625 0.2515625 0.0703125 0.13046875
99 0.65234375 0.275 0.0578125 0.13984375
99 0.74140625 0.29296875 0.05546875 0.13046875
99 0.740625 0.45390625 0.06015625 0.12109375
99 0.65546875 0.46796875 0.06328125 0.13046875
99 0.55625 0.47109375 0.08046875 0.1359375
99 0.44140625 0.50078125 0.09375 0.1484375
99 0.265625 0.5359375 0.1171875 0.18671875
99 0.77421875 0.63515625 0.06015625 0.125
99 0.6859375 0.64765625 0.05078125 0.1265625
99 0.58828125 0.67890625 0.0671875 0.15078125
99 0.465625 0.71875 0.0921875 0.1796875
99 0.2734375 0.77109375 0.10390625 0.19921875